0 0 1
1 828 829
2 914 915
3 988 989
4 1054 1055
5 1112 1113
6 1170 1171
7 1224 1225
8 1274 1275
9 1320 1321
10 1366 1367
11 1412 1413
12 1454 1455
13 1496 1497
14 1534 1535
15 1572 1573
16 1610 1611
17 1648 1649
18 1696 1697
19 1720 1721
20 1754 1755
21 1788 1789
22 1818 1819
23 1852 1853
24 1882 1883
25 1926 1927
26 1946 1947
27 1976 1977
28 2016 2017
29 2032 2033
30 2062 2063
31 2102 2103
32 2118 2119
33 2158 2159
34 2174 2175
35 2142 2143
36 2116 2117
37 2098 2099
38 2098 2099
39 2097 2098
40 2077 2078
41 2083 2084
42 2063 2064
43 2055 2056
44 2044 2045
45 2044 2045
46 2029 2030
47 2028 2029
48 2020 2021
49 2031 2032
50 2004 2005
51 1993 1994
52 2012 2013
53 1994 1995
54 2005 2006
55 1987 1988
56 1985 1986
57 1995 1996
58 1986 1987
59 1998 1999
60 1976 1977
61 1992 1993
62 1988 1989
63 1993 1994
64 1984 1985
65 2008 2009
66 1981 1982
67 2022 2023
68 2011 2012
69 2013 2014
70 2029 2030
71 2034 2035
72 2047 2048
73 2048 2049
74 2060 2061
75 2058 2059
76 2086 2087
77 2075 2076
78 2107 2108
79 2117 2118
80 2125 2126
81 2146 2147
82 2140 2141
83 2174 2175
84 2180 2181
85 2190 2191
86 2206 2207
87 2229 2230
88 2248 2249
89 2250 2251
90 2280 2281
91 2288 2289
92 2301 2302
93 2307 2308
94 2352 2353
95 2344 2345
96 2368 2369
97 2386 2387
98 2405 2406
99 2417 2418
100 2425 2426
101 2455 2456
102 2446 2447
103 2478 2479
104 2481 2482
105 2504 2505
106 2509 2510
107 2522 2523
108 2547 2548
109 2548 2549
110 2565 2566
111 2582 2583
112 2585 2586
113 2602 2603
114 2632 2633
115 2619 2620
116 2642 2643
117 2658 2659
118 2671 2672
119 2680 2681
120 2705 2706
121 2723 2724
122 2727 2728
123 2753 2754
124 2766 2767
125 2788 2789
126 2803 2804
127 2824 2825
128 2852 2853
129 2867 2868
130 2900 2901
131 2909 2910
132 2942 2943
133 2969 2970
134 3002 3003
135 3025 3026
136 3052 3053
137 3083 3084
138 3120 3121
139 3145 3146
140 3186 3187
141 3208 3209
142 3240 3241
143 3279 3280
144 3316 3317
145 3329 3330
146 3384 3385
147 3402 3403
148 3430 3431
149 3458 3459
150 3497 3498
151 3511 3512
152 3530 3531
153 3568 3569
154 3567 3568
155 3595 3596
156 3615 3616
157 3630 3631
158 3650 3651
159 3668 3669
160 3688 3689
161 3700 3701
162 3720 3721
163 3749 3750
164 3766 3767
165 3785 3786
166 3813 3814
167 3846 3847
168 3868 3869
169 3904 3905
170 3938 3939
171 3967 3968
172 4004 4005
173 4038 4039
174 4078 4079
175 4101 4102
176 4146 4147
177 4170 4171
178 4198 4199
179 4222 4223
180 4234 4235
181 4255 4256
460 7592 7593
461 7620 7621
462 7634 7635
463 7664 7665
464 7686 7687
465 7723 7724
466 7761 7762
467 7795 7796
468 7837 7838
469 7877 7878
470 7925 7926
471 7972 7973
472 8022 8023
473 8065 8066
474 8114 8115
475 8161 8162
476 8207 8208
477 8236 8237
478 8274 8275
479 8297 8298
480 8307 8308
481 8319 8320
482 8315 8316
483 8316 8317
484 8292 8293
485 8287 8288
486 8270 8271
487 8248 8249
488 8239 8240
489 8213 8214
490 8202 8203
491 8186 8187
492 8181 8182
493 8166 8167
494 8161 8162
495 8159 8160
496 8156 8157
497 8151 8152
498 8161 8162
499 8172 8173
500 8171 8172
501 8189 8190
502 8211 8212
503 8220 8221
504 8251 8252
505 8278 8279
506 8307 8308
507 8345 8346
508 8385 8386
509 8421 8422
510 8469 8470
511 8523 8524
512 8576 8577
513 8627 8628
514 8690 8691
515 8745 8746
516 8807 8808
517 8864 8865
518 8914 8915
519 8954 8955
520 8981 8982
521 8996 8997
522 8999 9000
523 8989 8990
524 8972 8973
525 8952 8953
526 8921 8922
527 8897 8898
528 8869 8870
529 8846 8847
530 8824 8825
531 8804 8805
532 8786 8787
533 8764 8765
534 8760 8761
535 8748 8749
536 8740 8741
537 8741 8742
538 8749 8750
539 8747 8748
540 8764 8765
